# oST version 5.0 parameters


[image]

width
640

height
480

[narrow_stereo]

camera matrix
347.910129 0.000000 298.721075
0.000000 347.746361 262.336144
0.000000 0.000000 1.000000

distortion
-0.320236 0.081712 0.000140 0.000457 0.000000

rectification
1.000000 0.000000 0.000000
0.000000 1.000000 0.000000
0.000000 0.000000 1.000000

projection
249.385208 0.000000 299.447057 0.000000
0.000000 278.284729 273.990388 0.000000
0.000000 0.000000 1.000000 0.000000

